ENVI ASCII Plot File [Fri Dec 12 20:24:45 2025]
Column 1: Wavelength
Column 2: Histogram Slope (Band 1:gru.dat)~~2##255,0,0
   0.000000  1331.000000
   0.054746  1406.000000
   0.109491  1868.000000
   0.164237  3192.000000
   0.218982  4254.000000
   0.273728  5175.000000
   0.328473  4970.000000
   0.383219  5563.000000
   0.437965  7030.000000
   0.492710  6187.000000
   0.547456  7963.000000
   0.602201  7242.000000
   0.656947  6940.000000
   0.711692  8251.000000
   0.766438  7689.000000
   0.821184  8005.000000
   0.875929  7911.000000
   0.930675  7401.000000
   0.985420  7556.000000
   1.040166  6811.000000
   1.094911  7302.000000
   1.149657  7614.000000
   1.204403  6051.000000
   1.259148  6486.000000
   1.313894  6162.000000
   1.368639  6356.000000
   1.423385  5784.000000
   1.478130  5250.000000
   1.532876  5180.000000
   1.587622  5310.000000
   1.642367  4914.000000
   1.697113  4650.000000
   1.751858  4245.000000
   1.806604  4320.000000
   1.861349  3970.000000
   1.916095  3907.000000
   1.970841  3513.000000
   2.025586  3465.000000
   2.080332  3187.000000
   2.135077  3128.000000
   2.189823  3039.000000
   2.244568  2751.000000
   2.299314  2770.000000
   2.354060  2465.000000
   2.408805  2261.000000
   2.463551  2307.000000
   2.518296  2121.000000
   2.573042  1950.000000
   2.627788  1920.000000
   2.682533  1889.000000
   2.737279  1641.000000
   2.792024  1535.000000
   2.846770  1501.000000
   2.901515  1423.000000
   2.956261  1362.000000
   3.011007  1223.000000
   3.065752  1207.000000
   3.120498  1070.000000
   3.175243  1008.000000
   3.229989  1038.000000
   3.284734   954.000000
   3.339480   875.000000
   3.394226   841.000000
   3.448971   901.000000
   3.503717   690.000000
   3.558462   653.000000
   3.613208   647.000000
   3.667953   584.000000
   3.722699   639.000000
   3.777445   560.000000
   3.832190   505.000000
   3.886936   526.000000
   3.941681   463.000000
   3.996427   452.000000
   4.051172   417.000000
   4.105918   370.000000
   4.160664   407.000000
   4.215409   392.000000
   4.270155   364.000000
   4.324900   321.000000
   4.379646   290.000000
   4.434391   285.000000
   4.489137   258.000000
   4.543883   237.000000
   4.598628   232.000000
   4.653374   208.000000
   4.708119   247.000000
   4.762865   200.000000
   4.817610   180.000000
   4.872356   183.000000
   4.927102   168.000000
   4.981847   156.000000
   5.036593   182.000000
   5.091338   144.000000
   5.146084   145.000000
   5.200829   164.000000
   5.255575   135.000000
   5.310321   135.000000
   5.365066   123.000000
   5.419812   121.000000
   5.474557    97.000000
   5.529303    89.000000
   5.584048   108.000000
   5.638794    87.000000
   5.693540    95.000000
   5.748285    80.000000
   5.803031    75.000000
   5.857776    84.000000
   5.912522    87.000000
   5.967267    78.000000
   6.022013    77.000000
   6.076759    58.000000
   6.131504    74.000000
   6.186250    59.000000
   6.240995    63.000000
   6.295741    74.000000
   6.350486    61.000000
   6.405232    50.000000
   6.459978    46.000000
   6.514723    62.000000
   6.569469    50.000000
   6.624214    38.000000
   6.678960    47.000000
   6.733705    43.000000
   6.788451    34.000000
   6.843197    56.000000
   6.897942    37.000000
   6.952688    32.000000
   7.007433    35.000000
   7.062179    36.000000
   7.116925    28.000000
   7.171670    44.000000
   7.226416    29.000000
   7.281161    29.000000
   7.335907    20.000000
   7.390652    39.000000
   7.445398    32.000000
   7.500144    23.000000
   7.554889    26.000000
   7.609635    37.000000
   7.664380    24.000000
   7.719126    28.000000
   7.773871    27.000000
   7.828617    21.000000
   7.883363    24.000000
   7.938108    24.000000
   7.992854    24.000000
   8.047599    16.000000
   8.102345    20.000000
   8.157090    12.000000
   8.211836    17.000000
   8.266582    32.000000
   8.321327    20.000000
   8.376073    13.000000
   8.430818    21.000000
   8.485564    10.000000
   8.540309    16.000000
   8.595055    14.000000
   8.649801    13.000000
   8.704546    19.000000
   8.759292    14.000000
   8.814037    17.000000
   8.868783    11.000000
   8.923528    10.000000
   8.978274     9.000000
   9.033020    11.000000
   9.087765    12.000000
   9.142511    10.000000
   9.197256    15.000000
   9.252002    10.000000
   9.306747     6.000000
   9.361493     6.000000
   9.416239    10.000000
   9.470984     5.000000
   9.525730     9.000000
   9.580475     8.000000
   9.635221     3.000000
   9.689966     4.000000
   9.744712     6.000000
   9.799458     7.000000
   9.854203     8.000000
   9.908949     5.000000
   9.963694    11.000000
  10.018440     5.000000
  10.073185     6.000000
  10.127931     3.000000
  10.182677    10.000000
  10.237422     2.000000
  10.292168     2.000000
  10.346913     8.000000
  10.401659     3.000000
  10.456404     4.000000
  10.511150     6.000000
  10.565896     6.000000
  10.620641     8.000000
  10.675387     7.000000
  10.730132     5.000000
  10.784878     3.000000
  10.839623     5.000000
  10.894369     3.000000
  10.949115     1.000000
  11.003860     1.000000
  11.058606     3.000000
  11.113351     5.000000
  11.168097     2.000000
  11.222842     0.000000
  11.277588     3.000000
  11.332334     1.000000
  11.387079     1.000000
  11.441825     1.000000
  11.496570     1.000000
  11.551316     1.000000
  11.606062     0.000000
  11.660807     1.000000
  11.715553     1.000000
  11.770298     0.000000
  11.825044     1.000000
  11.879789     1.000000
  11.934535     3.000000
  11.989281     2.000000
  12.044026     3.000000
  12.098772     2.000000
  12.153517     2.000000
  12.208263     1.000000
  12.263008     2.000000
  12.317754     0.000000
  12.372500     0.000000
  12.427245     0.000000
  12.481991     0.000000
  12.536736     0.000000
  12.591482     0.000000
  12.646227     1.000000
  12.700973     1.000000
  12.755719     1.000000
  12.810464     1.000000
  12.865210     1.000000
  12.919955     2.000000
  12.974701     1.000000
  13.029446     0.000000
  13.084192     1.000000
  13.138938     2.000000
  13.193683     0.000000
  13.248429     1.000000
  13.303174     0.000000
  13.357920     0.000000
  13.412665     0.000000
  13.467411     1.000000
  13.522157     0.000000
  13.576902     0.000000
  13.631648     0.000000
  13.686393     0.000000
  13.741139     0.000000
  13.795884     0.000000
  13.850630     0.000000
  13.905376     0.000000
  13.960121     1.000000
